0,1,2,3,4,5,6,7,8,9,10,11,12,13,14,15,16,17,18,19,20,21,22,23,24,25,26,27,28,29,30,31,32,33,34,35,36,37,38,39,40,41,42,43,44,45,46,47,48,49,50,51,52,53,54,55,56,57,58,59,60,61,62,63,64,65,66,67,68,69,70,71,72,73,74,75,76,77,78,79,80,81,82,83,84,85,86,87,88,89,90,91,92,93,94,95,96,97,98,99,100,101,102,103,104,105,106,107,108,109,110,111,112,113,114,115,116,117,118,119,120,121,122,123,124,125,126,127,128,129,130,131,132,133,134,135,136,137,138,139,140,141,142,143,144,145,146,147,148,149,150,151,152,153,154,155,156,157,158,159,160,161,162,163,164,165,166,167,168,169,170,171,172,173,174,175,176,177,178,179,180,181,182,183,184,185,186,187,188,189,190,191,192,193,194,195,196,197,198,199,200,201,202,203,204,205,206,207,208,209,210,211,212,213,214,215,216,217,218,219,220,221,222,223,224,225,226,227,228,229,230,231,232,233,234,235,236,237,238,239,240,241,242,243,244,245,246,247,248,249,250,251,252,253,254,255,256,257,258,259,260,261,262,263,264,265,266,267,268,269,270,271,272,273,274,275,276,277,278,279,280,281,282,283,284,285,286,287,288,289,290,291,292,293,294,295,296,297,298,299,300,301,302,303,304,305,306,307,308,309,310,311,312,313,314,315,316,317,318,319,320,321,322,323,324,325,326,327,328,329,330,331,332,333,334,335,336,337,338,339,340,341,342,343,344,345,346,347,348,349,350,351,352,353,354,355,356,357,358,359,360,361,362,363,364,365
1.0,0.0,0.0,0.0,0.0,5.06916552,4.623843840000001,6.693362719999998,8.30194574,8.78213934,8.51567168,8.61261868,8.876071499999998,8.78210512,8.281137659999999,7.634503199999999,7.06237728,6.6288383,6.28837482,5.95583414,5.562319799999999,5.087314299999999,4.55899114,4.03117606,3.5580358400000005,3.18059794,2.9255232199999988,2.8097355000000004,2.8453590999999996,3.041726800000001,3.4030343199999997,3.9208154000000004,4.561588960000002,5.253945979999999,5.886789200000001,6.33292752,6.494016720000001,6.337344799999999,5.90064888,5.2704394400000005,4.55172548,3.840379839999999,3.2045571600000002,2.678647960000001,2.2682724399999987,1.9607141000000006,1.7357071600000005,1.57399736,1.462864719999999,1.3982428599999999,1.38330032,1.4241027399999986,1.52404312,1.6795150200000002,1.879163199999999,2.1083119200000002,2.3579798800000003,2.6345354800000003,2.9651134399999997,3.3974477600000004,3.9982970200000008,4.856778220000001,6.09754264,7.909421460000001,10.6045527,14.7418464,21.2198896,29.833710879999998,35.2735825,34.8667038,43.1614694,31.805138999999997,23.40408086,33.64042488,34.1546668,25.82629368,10.302630800000003,13.068911799999999,11.49556204,4.750386500000001,1.3805969400000002,-0.08302435999999958,-1.0673649799999998,-1.1717673,0.39815582000000127,4.0600403400000005,7.731167739999998,9.70391536,10.71057554,11.217831360000002,11.481222120000002,11.560313240000003,11.314809100000002,10.3861885,8.282565039999998,4.9350469,1.6842918999999998,0.1288844400000002,0.08965150000000044,0.9597402400000004,2.20325154,2.1870533000000005,1.366743060000001,1.204416140000001,1.5174467800000002,1.6344756999999994,1.4175719400000002,1.1063114600000006,0.8375522199999992,0.6033464800000008,0.3816959999999998,0.17273011999999888,-0.01689624000000034,-0.18284700000000065,-0.3223184400000001,-0.4322910799999997,-0.5090134800000001,-0.5478821800000011,-0.5431499599999992,-0.4871277599999999,-0.3687491799999991,-0.17122786000000012,0.13078858000000082,0.5726644800000003,1.195028259999999,2.0246712799999997,3.0349825600000013,4.103333279999999,5.024863379999999,5.62040854,5.84794254,5.77673594,5.453501940000001,4.869570120000001,4.0939332199999985,3.327555440000001,2.7582367199999993,2.4446881400000002,2.34807522,2.39246726,2.504121320000001,2.64631934,2.8326524600000003,3.0965124399999997,3.43705016,3.7952262599999997,4.088117560000001,4.266251800000001,4.3331693,4.31499732,4.22532758,4.06244444,3.8272799600000003,3.53380518,3.204645319999999,2.8625543600000007,2.5264895999999997,2.2122009400000007,1.9334993399999991,1.7024499599999992,1.5288948199999997,1.4201958599999998,1.3816020800000004,1.4169774400000001,1.5295015000000003,1.7221073199999992,1.9975545399999994,2.3582443600000005,2.806035100000001,3.342236400000001,3.96790908,4.683662719999999,5.4878193799999995,6.371326999999999,7.30944684,8.25259934,9.121855199999999,9.815495759999997,10.230685860000001,10.297272760000002,10.01063328,9.44416816,8.728279960000002,8.002275400000002,7.367123199999998,6.86746248,6.504597660000002,6.260662999999999,6.117207539999999,6.0629224399999995,6.09142132,6.19355004,6.350217319999999,6.53093372,6.698655800000001,6.817468800000002,6.858797279999999,6.803795299999999,6.643058740000001,6.375661340000001,6.009292160000001,5.5614411,5.060496260000001,4.54471676,4.0580747200000005,3.6439959,3.3397963399999995,3.1746552599999998,3.17169784,3.3532830800000006,3.7483483399999997,4.4023082,5.39211648,6.849366479999999,8.983935259999999,12.063064200000003,16.221936799999998,20.97085326,24.748019739999997,25.4914446,22.213881999999998,16.64296924,11.952213439999998,9.07937484,7.034618480000001,5.12549512,3.5542032,2.7241959399999995,2.676676539999999,3.0344779600000003,3.2708790000000008,3.099095759999999,2.7202443999999986,2.63627026,3.1620025600000012,4.09816026,4.87008168,5.08584342,4.96561174,5.062943860000001,5.565098000000001,6.114418319999999,6.28815268,6.03327052,5.607932739999999,5.233141960000001,4.92274742,4.590468899999999,4.190485820000001,3.746812499999999,3.3110179000000013,2.9243754000000006,2.6097874599999997,2.3794016000000013,2.2418273400000004,2.2050535999999994,2.2773592999999988,2.4679420800000003,2.7877488600000007,3.250041920000001,3.870356560000001,4.66517174,5.6475189000000015,6.815988060000002,8.133321759999998,9.4947053,10.69843092,11.45353814,11.474864740000001,10.667259399999999,9.257071759999999,7.683714460000001,6.313579300000001,5.26668336,4.482425920000001,3.8644428800000004,3.3601763800000004,2.96957306,2.716180340000001,2.6102439200000003,2.6293079400000003,2.7274230600000013,2.864036839999999,3.0301998799999996,3.2503069799999995,3.55439344,3.9416553800000003,4.3682303000000005,4.773599840000001,5.12175528,5.41431946,5.661293319999999,5.84623444,5.93004444,5.887086740000001,5.72795794,5.486373440000001,5.193087739999999,4.8662519400000015,4.518806420000001,4.166452360000001,3.827925499999999,3.521253979999999,3.2613205999999995,3.059819900000001,2.9261873199999986,2.868452379999999,2.8938702999999997,3.009379619999999,3.221891039999999,3.5380038000000003,3.9627598399999986,4.49683138,5.1314169199999995,5.840723280000001,6.57328648,7.2464774,7.75212314,7.981537499999998,7.868315120000002,7.427258760000001,6.755702280000001,5.98728348,5.232322999999999,4.5492831,3.9546357800000003,3.446933359999999,3.0230954600000004,2.6820264599999994,2.4211204199999994,2.2331534400000006,2.1072366000000002,2.0326230800000005,2.0020188,2.011824860000001,2.0596568799999986,2.1414107799999993,2.2501329400000003,2.3771181400000003,2.5136031600000006,2.6515283200000006,2.783042160000001,2.899935939999999,2.9941308400000004,3.05909606,3.0911253999999992,3.0896475599999995,3.0567708400000004,2.9966173000000005,2.9148593400000014,2.8183983799999996,2.7150174399999987,2.612961800000001,2.5206315999999998,2.44616424,2.3972795199999997,2.3810511200000004,2.4037848000000004,2.470849619999999,0.0,0.0,0.0,0.0,0.0,4.0,5.0
1.0,0.0,0.0,0.0,0.0,1.0,6.0,2.0,5.06916552,4.623843840000001,6.693362719999998,8.30194574,8.782137600000002,8.5156682,8.612613459999999,8.876064540000002,8.7820912,8.28110286,7.634457960000001,7.062367999999999,6.62895546,6.288772120000001,5.956592779999999,5.56333538,5.088271299999999,4.559384380000001,4.030380879999999,3.555268080000001,3.17491974,2.9157275999999985,2.79419208,2.8218267600000004,3.0071721399999998,3.3534472199999996,3.8511452199999994,4.465959720000001,5.1263164,5.72225538,6.129299380000001,6.253176359999999,6.06623656,5.6116981,4.98055254,4.279076760000001,3.600133979999999,3.0056287600000005,2.522731199999999,2.1504639999999995,1.8705380199999997,1.6578404199999994,1.4888307399999992,1.347231279999999,1.2269682799999995,1.132056500000001,1.0744346599999997,1.0716146999999996,1.1466556800000003,1.3335270399999999,1.6932413000000004,2.3534709599999992,3.5980314799999995,6.047488640000001,10.932149460000002,19.10582672,26.611227400000004,29.4577398,41.255542999999996,27.7789675,15.482116060000003,20.66681088,21.4761104,20.750133679999998,9.13005524,9.275205459999999,11.62170334,7.325316800000001,2.638770639999999,0.5349807200000001,-0.7718694800000003,-1.4427450400000001,-0.5941632800000001,2.30353586,6.38824908,8.97057728,10.349083,11.067524939999998,11.42229992,11.59020296,11.660633520000001,11.667972840000001,11.563382599999997,11.14962684,10.035811079999998,7.739145060000002,4.27691104,1.1113296200000011,-0.26191723999999983,-0.17398924000000093,0.7734714999999994,2.3004775199999994,2.74293458,1.9438099999999991,1.6445166600000007,2.0208618400000002,2.316165360000001,2.1954006600000007,1.88315302,1.6070730199999996,1.3951166599999993,1.2111557399999988,1.040893259999999,0.8893015599999998,0.7647761400000004,0.6745646799999996,0.6258342400000014,0.6267448399999989,0.6870648399999997,0.8191778200000002,1.040339939999999,1.3760909199999993,1.8620270999999988,2.5355590600000006,3.404175180000001,4.390856680000001,5.312206399999999,5.9736674,6.339469919999999,6.60165486,7.0250102000000005,7.554147100000002,7.579013440000001,6.548566880000001,4.825099779999999,3.2853024400000006,2.3075773,1.8752296400000006,1.9170087799999997,2.2537318400000004,2.60319576,2.763463680000001,2.8033468,3.0167131400000002,3.6152772000000013,4.462366039999999,5.1533908,5.4041219,5.324520960000001,5.22912256,5.243148119999999,5.234180159999999,5.0499565,4.684031600000001,4.232689520000001,3.78169254,3.36127838,2.9704343600000005,2.608627460000001,2.2851260799999995,2.0134482800000004,1.8050519600000001,1.6671749400000007,1.603761219999999,1.6170153799999998,1.7085097999999999,1.8795924,2.131325740000001,2.4641193,2.8773785800000002,3.3694761,3.9382113400000005,4.581376819999999,5.2965406,6.078757019999999,6.915651200000001,7.780802400000001,8.62834132,9.392747680000003,9.99712624,10.370196159999999,10.468107119999999,10.292911740000001,9.89869676,9.37923426,8.83960806,8.364997539999997,8.003289239999997,7.7672199599999985,7.647518399999999,7.62650674,7.686084340000001,7.8093337599999995,7.977468799999999,8.165968800000002,8.34353754,8.47544868,8.529766259999999,8.483062919999998,8.32319288,8.049019340000001,7.6689406999999985,7.2001864399999995,6.66926488,6.11214008,5.57215892,5.0952748,4.724381620000001,4.495600620000001,4.4385094800000005,4.58006718,4.95137274,5.5966094,6.584159160000002,8.01795744,10.0364224,12.76284,16.14695556,19.692377240000003,22.309980460000002,22.6971409,20.246434999999998,15.971263700000002,11.943560999999999,9.1663702,7.264316459999998,5.74776262,4.527634019999999,3.7183072399999997,3.364416179999999,3.3367234999999997,3.4031984599999987,3.390485440000001,3.310122380000001,3.331982,3.60724188,4.10153296,4.60791124,4.938081459999999,5.0899921599999995,5.2026606399999995,5.361011660000001,5.50166166,5.5098182,5.34660736,5.062273960000001,4.72465828,4.367134100000001,3.994659259999999,3.611855200000001,3.23610974,2.8927375600000005,2.605953659999999,2.394268740000001,2.2707316399999993,2.245063160000001,2.3259035600000004,2.52245512,2.8456200999999997,3.308526799999999,3.926356140000001,4.714929940000001,5.68649722,6.839463559999999,8.1386769,9.48614392,10.693545,11.487106800000003,11.5903004,10.889903999999998,9.568404739999998,8.029452460000002,6.6418883,5.555046599999999,4.734104739999999,4.092162479999999,3.5733490000000003,3.169042600000001,2.89628368,2.7652552999999997,2.75910498,2.8383474799999995,2.96427012,3.1229308600000003,3.3299340199999996,3.609671500000001,3.96401206,4.358367400000001,4.73976322,5.070654959999999,5.34400548,5.564694320000001,5.72177804,5.787059940000001,5.739894339999999,5.586385739999999,5.352969379999999,5.0674632200000005,4.749565799999999,4.414117580000001,4.076773340000001,3.754936559999999,3.4654846599999996,3.2228103400000006,3.0385165,2.9219817399999997,2.8811538,2.9231852400000005,3.0549351399999995,3.2831854399999987,3.6142790199999997,4.052777580000001,4.598512339999999,5.2414232,5.954139960000001,6.683749800000001,7.34705288,7.837357039999999,8.049969959999999,7.923987,7.47827092,6.810279119999999,6.05013924,5.3041038,4.628364940000001,4.039093640000001,3.5353677,3.11453884,2.7756181600000005,2.5160333599999998,2.3287188800000003,2.2030183800000014,2.128390360000001,2.0975041999999995,2.1065609,2.1528976800000006,2.2321836800000003,2.3373980000000003,2.459760599999999,2.5904566399999993,2.72135336,2.84462424,2.9522948600000003,3.0367132800000007,3.0918759199999997,3.1145574000000007,3.10456574,3.064342159999999,2.99828016,2.9122882000000008,2.8134121200000006,2.70952136,2.6089284799999994,2.5199744600000002,2.45076596,2.40889112,2.40129602,2.4341234400000005,2.5125956999999985,2.6408023800000002,2.821355799999999,3.05475824,3.3384571199999993,3.6655324599999997,0.0,0.0,4.0,5.0
1.0,0.0,0.0,0.0,0.0,1.0,6.0,2.0,5.06916552,4.623843840000001,6.693362719999998,8.30194574,8.782137600000002,8.5156682,8.612606499999998,8.87604714,8.78203726,8.281016439999998,7.63433384,7.0622769399999985,6.6290645,6.2893219600000005,5.957737699999999,5.564988959999999,5.0900084,4.5605235,4.03002186,3.552332120000001,3.1681407000000004,2.90359342,2.77486764,2.79307094,2.9663529000000004,3.297694139999999,3.7777850799999992,4.3732757200000005,5.01459912,5.594615360000001,5.991523859999999,6.112568119999999,5.93027238,5.48712976,4.8726824,4.19109656,3.5327385599999985,2.95715062,2.4896543799999993,2.1280295999999996,1.8534077199999999,1.64075594,1.467285480000001,1.3181697999999997,1.1893390400000001,1.08734604,1.0275515199999994,1.0330093200000015,1.1381058999999993,1.40377142,1.959716499999999,3.1056486000000003,5.515969680000001,10.59593564,19.58876546,27.91087168,30.505712800000005,40.920912,26.12531268,15.220665400000001,19.42028184,20.13883688,20.195328879999998,9.94888474,8.473792199999998,11.34836674,8.308147679999998,3.1324562,0.7260327199999992,-0.6426530199999991,-1.4166482880000002,-0.7704105480000001,1.9633948599999993,6.18866412,8.98537714,10.4561423,11.20452848,11.55365484,11.6988619,11.73936504,11.7278764,11.665902240000001,11.454201659999999,10.828057440000002,9.341908359999998,6.580929720000002,2.9854569400000006,0.36253744000000054,-0.4151718000000004,0.004269700000000043,1.2136416200000006,2.6650950999999985,2.6157562399999996,1.8318601399999999,1.79796378,2.240245680000001,2.4277446000000005,2.2216926399999988,1.9058867,1.6523692800000003,1.4561280200000013,1.2825027000000002,1.1236140199999998,0.9868506000000004,0.8812639200000003,0.8149757199999996,0.7963826600000008,0.8351318800000005,0.9429666399999999,1.1354622600000006,1.4353750400000003,1.8762481199999996,2.4995984799999995,3.331371840000001,4.3269163200000005,5.32197592,6.09168116,6.532862799999998,6.799420359999999,7.2333868,7.999412520000002,8.571197399999999,8.011266560000003,6.2164699,4.2173955,2.7800151399999997,1.9622505199999996,1.7436896999999991,2.0421687199999994,2.5600629,2.9084746999999993,2.925273820000001,2.8839122800000005,3.2504189199999995,4.177719440000001,5.26034744,5.874330220000001,5.8207214,5.522149000000001,5.4439592,5.567245740000001,5.57668524,5.295881139999999,4.806978259999999,4.27810236,3.79901424,3.3716012200000005,2.9752013799999997,2.606283679999999,2.2779944000000008,2.0066808399999996,1.8037864,1.6751679199999998,1.6233315800000003,1.6494739200000001,1.7545206199999992,1.9393184800000007,2.20436166,2.549361320000001,2.9729533000000004,3.4728466000000004,4.0464834199999995,4.691827379999999,5.407074100000001,6.1882123,7.0238014799999995,7.8882381200000005,8.736433600000002,9.503844359999999,10.114823899999998,10.499386520000002,10.614244500000002,10.460686599999999,10.09080088,9.596196599999999,9.080958239999998,8.630799359999997,8.295069259999998,8.087651399999999,7.9994624000000005,8.011764200000002,8.1046512,8.259128400000002,8.45452344,8.664787360000002,8.85734446,8.99651604,9.04984472,8.994178640000001,8.81843864,8.5230632,8.118131559999998,7.6223174,7.063273959999998,6.47786546,5.910302400000001,5.4074337,5.01297454,4.763671980000002,4.6892893,4.8164485,5.175291020000001,5.807986919999999,6.77878686,8.182725000000001,10.140196,12.744836799999998,15.917465800000002,19.1758768,21.5305028,21.826065000000003,19.536898960000002,15.56613312,11.7579088,9.063340739999997,7.21548394,5.78463206,4.646988159999999,3.861900160000001,3.4627000799999994,3.3599524999999986,3.379804739999999,3.3803528400000005,3.3500721999999996,3.3989917199999997,3.6368479800000006,4.04745724,4.4863763,4.809199079999999,4.9924367400000005,5.11458358,5.232760320000001,5.314241620000001,5.2887512,5.128810400000001,4.864090280000001,4.54097228,4.189045100000001,3.821279279999999,3.4493565999999998,3.0919171,2.7720325999999993,2.5113887199999994,2.3271064799999994,2.23177014,2.23514748,2.3461704999999995,2.5745182399999997,2.93166716,3.4312530599999995,4.08874048,4.919563800000001,5.933932760000001,7.1248688,8.4463118,9.782971099999997,10.926711959999999,11.594444499999998,11.530651459999998,10.67911634,9.2817844,7.754922800000001,6.4277076399999995,5.402369139999999,4.6242399800000005,4.00985062,3.513948300000001,3.13556964,2.89247018,2.78988964,2.8052120800000004,2.8971792,3.03087906,3.1988087800000002,3.4201970999999993,3.7163549600000003,4.081185399999999,4.47392138,4.842543280000001,5.155812880000001,5.41099316,5.610943520000001,5.7406773399999995,5.772854580000001,5.693121400000001,5.51349424,5.261699419999999,4.9638323,4.6382591600000005,4.299999100000001,3.965256740000001,3.6513880000000007,3.37459866,3.14847522,2.9839211,2.8898306,2.873829559999999,2.9429365599999997,3.1040013999999996,3.3638460400000003,3.728679959999999,4.2024025,4.783093280000001,5.45716406,6.19133038,6.924464299999999,7.564773860000001,8.000914139999999,8.133169800000001,7.9176853000000005,7.396514699999999,6.683608280000001,5.910268760000001,5.1720470800000005,4.512977999999999,3.9422087,3.4569545999999995,3.0549386200000015,2.735204920000001,2.4941986800000002,2.3235835599999994,2.21214816,2.1497448000000006,2.1299668,2.14958588,2.2057293,2.2933203199999994,2.404535900000001,2.530257859999999,2.6616348199999997,2.790571720000001,2.9091503999999997,3.0093657,3.0838725,3.12737308,3.1375973199999994,3.1152998000000007,3.06369372,2.987798979999999,2.894039659999999,2.78988964,2.6835269200000003,2.58342414,2.4979768,2.4352364600000005,2.40269846,2.4071209600000003,2.4544443200000003,2.5496507400000006,2.696514279999999,2.8972047199999995,3.15155676,3.4559865799999994,3.8020459000000013,0.0,0.0,4.0,5.0
1.0,0.0,0.0,0.0,0.0,1.0,6.0,2.0,7.0,5.06916552,4.623843840000001,6.693362719999998,8.30194226,8.782137600000002,8.5156682,8.612613459999999,8.876057,8.78208076,8.2810959,7.634447519999998,7.0623546600000005,6.62895546,6.288805760000001,5.95667224,5.56345196,5.08836526,4.559378000000001,4.030119880000001,3.5545303200000014,3.1733467799999993,2.9127150800000017,2.788754580000001,2.812378560000001,2.9912354800000003,3.3273524399999985,3.809728,4.40259936,5.033830760000001,5.5950463,5.966347799999999,6.060357679999999,5.85676724,5.404150320000001,4.794483320000001,4.1295411600000005,3.4934325400000006,2.9382055000000005,2.483044119999999,2.122490600000001,1.8375644399999995,1.6058422599999993,1.4088655599999989,1.2365174000000003,1.0884868999999995,0.9736463200000003,0.9095992400000004,0.9266094800000015,1.0848920599999996,1.5278200799999997,2.6251783399999997,5.287280899999999,11.650739300000001,23.7817206,33.03533408,40.5028393,33.2716284,16.4036363,19.12061266,18.94725414,18.74731132,18.0440358,7.627495640000001,7.440618480000001,10.100710759999998,6.380447500000001,1.6857627799999992,-0.15596980000000027,-1.2365332320000002,-1.7356221300000003,-0.5464286999999999,3.1267403,7.0848499600000014,9.337320559999998,10.57536304,11.186779899999998,11.43134676,11.4772468,11.427485700000002,11.342272100000002,11.22431344,10.970814,10.312718740000001,8.802058859999999,6.04294144,2.5645602200000006,0.17953873999999992,-0.42234175999999923,0.09431469999999997,1.406386640000001,3.2310260399999997,3.42781656,2.3244929999999986,1.9799179000000002,2.38256666,2.6531442,2.4822286400000007,2.143817779999999,1.876199399999999,1.7013456399999995,1.5764675799999992,1.483521999999999,1.4282456799999999,1.4232002599999998,1.4810517799999996,1.6145492200000007,1.8381369000000003,2.1704769000000006,2.637659939999999,3.272035520000001,4.09259516,5.053977639999999,5.9956871,6.6934822,7.04108664,7.1900376,7.501323600000001,8.251944519999999,9.0575245,8.834085299999998,7.1320422400000005,4.93552946,3.2706667199999995,2.2170973000000007,1.6871025799999995,1.7206294799999995,2.2052194800000002,2.7775228799999994,3.0405633199999986,2.964844320000001,3.0124426,3.6931654,4.98437068,6.181290000000001,6.521157240000001,6.090398780000001,5.738255259999999,5.93824622,6.3249461400000015,6.339621300000001,5.86708138,5.196748699999999,4.60256422,4.1326169,3.714403840000001,3.2964407599999994,2.88256726,2.501667339999999,2.1783364799999987,1.9248034,1.7450335600000013,1.6398615799999998,1.6095873199999993,1.6545280399999989,1.77490008,1.9704285200000005,2.2398791200000012,2.58064768,2.9885959,3.4584858,3.9850306799999995,4.5640412,5.19273452,5.86818512,6.583688200000001,7.323847080000002,8.060614699999999,8.752914879999999,9.3515671,9.809195800000001,10.092081519999997,10.190165899999997,10.121861039999999,9.932119839999999,9.683203559999999,9.44010294,9.25561596,9.16139728,9.16723614,9.265956199999998,9.4398634,9.665759479999998,9.917389,10.166052399999998,10.3809511,10.530843399999998,10.5876631,10.530811499999999,10.35011076,10.04630676,9.62966956,9.11853992,8.53878932,7.924087919999998,7.3152712000000015,6.757514199999999,6.29561264,5.969526200000001,5.812474379999999,5.85261386,6.117546259999999,6.64044352,7.46602944,8.652986680000001,10.26412286,12.32765092,14.75244648,17.2120606,19.0924728,19.65191934,18.43680426,15.75780688,12.660725200000002,10.06707656,8.169970800000002,6.7655100799999985,5.676354180000001,4.8466653399999995,4.280153240000001,3.9643380199999996,3.83847222,3.8162298000000003,3.8361319199999997,3.8937456400000006,4.0238756,4.246000519999999,4.525558780000001,4.7906414,4.983908999999999,5.093022660000001,5.133559440000001,5.11432954,5.02665384,4.860230960000001,4.618863959999999,4.3203107,3.98722714,3.6411771,3.30235328,2.99085964,2.726374420000001,2.526591099999999,2.4061610600000005,2.3768803399999996,2.4488832800000004,2.63208382,2.93741728,3.3775265,3.966776340000001,4.72009832,5.64942362,6.7551855,8.009745800000001,9.332034440000001,10.561367059999998,11.454246900000001,11.742853160000003,11.271755119999998,10.136845920000003,8.673614960000002,7.255948799999999,6.090478240000001,5.19262548,4.49398126,3.934405960000001,3.492769600000001,3.176645820000001,2.9958006600000004,2.940776640000001,2.98062206,3.0790602400000004,3.2156699599999996,3.3947426400000005,3.6333731999999994,3.9367862799999997,4.28236536,4.627512339999999,4.93442108,5.186968740000001,5.383664719999999,5.51817078,5.572737760000001,5.531465539999999,5.395463079999999,5.18282638,4.917087199999999,4.618354140000001,4.302896779999999,3.9863032,3.684803539999999,3.4141941000000013,3.1884302600000005,3.019100999999999,2.91568004,2.886183560000001,2.937768180000001,3.0772175799999992,3.311164640000001,3.6457225599999994,4.085155499999999,4.629070800000001,5.2675406,5.974124440000001,6.698134960000001,7.360229319999998,7.858394800000001,8.091319900000002,7.997166760000001,7.5882406599999985,6.95278976,6.214607520000001,5.479317740000001,4.8064092800000005,4.215664199999999,3.7081526,3.2818566600000008,2.9360362999999996,2.668700959999999,2.4736632000000007,2.3409620999999987,2.2601350399999998,2.2234100199999993,2.226374399999999,2.2660081200000004,2.3380145400000014,2.43551834,2.5498334400000005,2.67198782,2.79370604,2.9072016000000005,3.004820820000001,3.0793687999999992,3.12525666,3.139515959999999,3.1221577200000006,3.07575018,3.0048353200000015,2.9154457199999992,2.8147055200000004,2.710534039999999,2.6112334000000015,2.52512196,2.46026404,2.4241845600000005,2.4237356400000003,2.4649794400000005,2.553071580000001,2.6920616200000005,2.884548540000001,3.1310566600000005,3.4290473200000005,3.7715929999999993,4.145831619999999,4.53162964,0.0,4.0,5.0
1.0,0.0,0.0,0.0,0.0,1.0,6.0,2.0,7.0,1.3863105200000003,0.9044871199999989,3.143638599999999,4.8840689600000005,5.403623099999999,5.115312060000001,5.22020854,5.50525766,5.403583659999999,4.86155626,4.16190806,3.5429007400000003,3.0738506799999996,2.7055437199999997,2.3458236600000006,1.9201048200000006,1.4061354999999995,0.8343465600000002,0.26294796,-0.24951219999999985,-0.6587051000000006,-0.9359166800000001,-1.0630367879999998,-1.02727683,-0.8189901300000004,-0.4342874400000003,0.11683146000000022,0.7971952400000006,1.5287074800000013,2.1909503200000007,2.647235160000001,2.79344504,2.5977350599999998,2.105289540000001,1.4139017000000003,0.63956284,-0.11464479999999977,-0.7784075880000003,-1.3192143199999995,-1.7356027000000003,-2.04548916,-2.2749209199999996,-2.44921614,-2.58691858,-2.6966876399999995,-2.77737898,-2.82050778,-2.8134741199999995,-2.7414668879999997,-2.5865607199999996,-2.3231264599999992,-1.90760576,-1.2569402999999992,-0.200706939999999,1.62699718,5.012732680000001,11.25177296,19.9128538,26.1903504,29.999636700000003,40.798491399999996,25.3165166,16.187223799999998,22.67489848,23.16687014,14.71236326,5.90320262,9.1032807,6.22885696,0.14241236000000157,-2.8074968719999998,-4.397105772,-5.42287904,-5.341259352,-3.33835237,0.7986504599999993,4.330751280000001,6.21995512,7.252877119999999,7.8139088,8.132457559999999,8.3178534,8.390649199999999,8.248501059999999,7.594286000000002,5.92737296,2.8332516000000005,-1.0373871000000001,-3.6794837200000003,-4.36521424,-3.8119243999999997,-2.4040460879999994,-1.2310123279999994,-1.7333349,-2.42163047,-2.244307012,-1.8095219599999997,-1.7581391799999997,-2.04504662,-2.3701546000000002,-2.62634814,-2.84198982,-3.0428403399999997,-3.2282379199999998,-3.3896327800000003,-3.5197778200000007,-3.6123925100000003,-3.66061516,-3.6563266399999996,-3.5896674720000004,-3.4478015600000003,-3.21239058,-2.85603742,-2.3407523120000002,-1.6267343800000003,-0.7040599399999996,0.3528734799999995,1.3594025800000011,2.10667922,2.53027584,2.7854126200000007,3.091643919999999,3.3813881400000003,3.16398152,2.0781670000000005,0.49975036000000017,-0.86088962,-1.6940677399999995,-2.0108840400000005,-1.91587656,-1.6120313799999995,-1.3392550600000002,-1.208012428,-1.0970526280000001,-0.7703232,-0.13796660000000038,0.6072962799999999,1.1472287199999993,1.3378219400000013,1.3129208000000006,1.2736571199999993,1.25701808,1.1609491999999992,0.9094287199999993,0.5262592599999998,0.08540300000000123,-0.3564775400000002,-0.7770680200000006,-1.1700693500000003,-1.5279780120000002,-1.8386855200000003,-2.0894891199999996,-2.27051698,-2.3754285399999997,-2.40044916,-2.3431672,-2.20173652,-1.9746607200000001,-1.6610059999999995,-1.2608176000000002,-0.7753431000000006,-0.20691757999999982,0.44158331999999945,1.1670270200000008,1.9648338400000007,2.825319519999999,3.727715419999999,4.633924240000001,5.485740660000001,6.20931386,6.72852116,6.985070239999999,6.958894839999999,6.680127120000002,6.225430900000001,5.69711122,5.192750759999999,4.78050706,4.49161718,4.328260179999999,4.276893639999999,4.318983080000001,4.4357823199999995,4.6076989600000005,4.8109518399999995,5.0152991799999995,5.1854184,5.28607102,5.28833534,5.174090999999999,4.9371575199999995,4.582228839999999,4.12370752,3.5856473199999996,3.0022218400000007,2.4167883999999997,1.8781597999999988,1.4348136,1.1298258199999989,0.9990915000000005,1.0738245000000006,1.386509460000001,1.9793054199999993,2.914478280000001,4.285064100000001,6.216793539999999,8.83343048,12.13481716,15.761285140000002,18.79253856,19.9440085,18.31361168,14.356209040000003,9.95720252,6.62861848,4.382041839999999,2.69353772,1.32625964,0.3252289399999988,-0.23473670000000002,-0.41030212000000077,-0.3878729399999994,-0.3634415999999998,-0.4048385199999993,-0.41218479999999946,-0.22851909999999975,0.18951648,0.7071606799999994,1.1268422999999999,1.3660139999999998,1.5017699600000007,1.6385038000000005,1.77274538,1.8136081199999996,1.6964098399999994,1.4379763400000005,1.098084740000001,0.722361320000001,0.32784067999999955,-0.07785134000000049,-0.4793865000000004,-0.8526101200000005,-1.1719189119999998,-1.4159948599999996,-1.5691067399999996,-1.6195557200000001,-1.5574545400000002,-1.3727642700000002,-1.0539223199999999,-0.5871261400000005,0.04363488000000082,0.8552665800000003,1.8615074199999988,3.0631664999999995,4.42907172,5.86686214,7.19315104,8.131099200000001,8.381386599999999,7.784375200000001,6.476137640000001,4.85438166,3.33087362,2.1084615600000003,1.179229059999999,0.4562190399999988,-0.12674650000000032,-0.5869985399999997,-0.9100510000000002,-1.08292522,-1.1183879279999998,-1.05485206,-0.93450641,-0.7774397999999998,-0.5726220800000004,-0.2951611000000005,0.06199883999999933,0.4695027800000009,0.8745382399999997,1.234078499999999,1.5351188000000011,1.7812806600000002,1.96433446,2.056999319999999,2.0348670999999996,1.8987034000000005,1.67257706,1.3855947999999998,1.0597455799999995,0.7112624400000005,0.3564793399999999,0.013697020000000393,-0.29887251999999975,-0.5652671000000007,-0.7724459999999995,-0.9097847799999998,-0.9683493519999997,-0.9401880900000004,-0.8178493280000003,-0.594085559999999,-0.26217707999999984,0.18285633999999895,0.7414033,1.4042736999999992,2.1453843599999995,2.913293920000001,3.6257230000000007,4.17448478,4.448722119999999,4.375765660000001,3.9605251,3.2917166600000005,2.501518280000001,1.706971059999999,0.9764042200000009,0.3338471599999995,-0.2185889199999993,-0.6831323800000009,-1.0607724099999993,-1.3536744399999998,-1.5683773319999998,-1.7154929399999999,-1.80624612,-1.84898748,-1.8483705919999993,-1.80739568,-1.73029454,-1.6239961999999997,-1.4974590499999998,-1.3599886679999997,-1.2202831399999994,-1.0866433679999998,-0.9674936199999999,-0.8710657199999998,-0.8041368520000001,-0.77076922,-0.7718650719999998,-0.8054677200000002,-0.8674204200000002,-0.9518661000000002,-1.0516405999999998,-1.1586091879999998,-1.2640858999999995,-1.3592366399999998,-1.43540108,-1.48439136,-1.4986930000000003,-1.471582872,-1.3973353900000003,-1.2714099080000008,-1.0907778400000003,-0.8545858319999997,-0.5650698999999992,-0.2288288199999995,0.0,4.0,5.0
1.0,0.0,0.0,0.0,0.0,1.3863105200000003,0.9044871199999989,3.143638599999999,4.8840689600000005,5.403623099999999,5.115312060000001,5.22020506,5.5052559200000015,5.403581920000001,4.8615580000000005,4.161920240000001,3.542910599999999,3.0738663399999986,2.7055732999999993,2.345861939999999,1.9201425200000006,1.4061592800000007,0.83434308,0.26290851999999987,-0.2495626600000005,-0.6586964000000002,-0.9356730799999999,-1.0621913799999998,-1.02514562,-0.8143782599999998,-0.4252179800000002,0.1334670200000012,0.8260009400000001,1.5758620599999986,2.26355588,2.7517012800000007,2.9334176000000003,2.7721891999999997,2.3074520200000013,1.6316052799999987,0.8576573400000012,0.08950882000000071,-0.5983769800000003,-1.1678948719999998,-1.6122320599999993,-1.94470894,-2.18700104,-2.3595501700000003,-2.47516476,-2.53642958,-2.5372868199999994,-2.4683354919999996,-2.3240063200000005,-2.10870684,-1.8387151,-1.5367226720000007,-1.2188659099999999,-0.8795389399999998,-0.4826913399999997,0.03739176000000022,0.7723973400000013,1.8437501399999991,3.41983576,5.7469831,9.191630940000003,14.272678599999999,21.4742341,29.7756842,34.2435634,31.657166500000002,40.7395895,32.76605632,19.81905968,31.919375799999997,32.0073125,25.448565199999997,7.0145064,9.11841,9.730079739999997,3.20555128,-1.55654046,-3.5622892100000003,-4.87905248,-5.53760188,-4.62372198,-1.6188452199999999,2.6596425200000002,5.386377960000001,6.822294399999999,7.602686140000001,8.02163754,8.17454236,7.92687946,6.903552400000001,4.596357640000001,0.9964554000000003,-2.39863579,-3.967487128,-3.9552250000000004,-2.963061572,-1.7513375200000008,-1.9727818680000002,-2.7572344200000005,-2.7856776200000004,-2.435878808,-2.36840706,-2.6349701299999992,-2.9705651480000004,-3.25984386,-3.5203932,-3.7704341,-4.00617858,-4.22029399,-4.408707744,-4.5687113,-4.6972451,-4.790466759999999,-4.843741906,-4.851319780000001,-4.80557228,-4.695552892,-4.50461724,-4.207255648,-3.76668672,-3.1374171120000005,-2.2810573199999995,-1.2047663999999996,-0.013710879999999648,1.0793403000000001,1.8513974399999995,2.211243360000001,2.21671102,1.9384687799999991,1.3813016400000002,0.597597519999999,-0.22455247999999983,-0.8827625799999996,-1.29348668,-1.47029852,-1.464760332,-1.3427826199999995,-1.1614197520000005,-0.9422502799999997,-0.6717069599999999,-0.3381547600000001,0.02793138000000006,0.35559774000000033,0.5780306399999997,0.6719193000000008,0.6532305399999991,0.5453957799999998,0.36027486000000053,0.10378146000000044,-0.21250587999999926,-0.5688625199999997,-0.9423610600000005,-1.3116000799999998,-1.6581315199999995,-1.96619968,-2.2224825399999997,-2.41632376,-2.53972746,-2.5869823800000002,-2.5538649599999994,-2.4369383519999994,-2.23304202,-1.9391983599999998,-1.55276002,-1.07163262,-0.49416895999999966,0.18117956000000035,0.9558449600000003,1.8292547799999994,2.7934160400000003,3.8235401199999988,4.86733306,5.8387750600000015,6.6240068999999995,7.104648259999999,7.196082939999998,6.886720799999999,6.255135600000001,5.44826106,4.6262665,3.9061866399999996,3.3394657399999996,2.9268525800000003,2.64691558,2.4780189999999997,2.407466640000001,2.4291151400000004,2.5343480200000013,2.7034626799999995,2.9035534,3.093792820000001,3.234201539999999,3.2926608999999996,3.2476929200000004,3.088043860000001,2.8115828,2.4253828399999993,1.9470817799999995,1.406126800000001,0.8430251000000002,0.30515572000000013,-0.15998629999999991,-0.5111020600000007,-0.7159226800000003,-0.74944262,-0.5885436599999991,-0.20440618000000033,0.44760430000000007,1.4431279000000004,2.912853120000001,5.071442020000001,8.21295692,12.5526509,17.73830156,22.25863248,23.8202674,20.9647476,15.024687459999999,9.563387159999998,6.158457139999999,3.8668812,1.75654018,-0.06569280000000077,-1.12127627,-1.28158218,-0.9065095200000002,-0.5856256799999997,-0.7075909800000009,-1.1333829,-1.3207959800000006,-0.8518323399999996,0.14792990000000117,1.0693387800000007,1.3971054800000005,1.2683796999999988,1.3012221999999998,1.8088370400000002,2.45914464,2.74234472,2.52264072,2.0623788199999993,1.6407716000000008,1.3052752400000003,0.9604606000000011,0.5402239200000007,0.06106039999999879,-0.4203796200000003,-0.8549678200000006,-1.2148282400000001,-1.4857068,-1.6580555400000003,-1.72317272,-1.6722087000000005,-1.4955024199999993,-1.18172648,-0.7171673600000004,-0.08552474000000032,0.7310561,1.7482763400000003,2.9698416000000005,4.36703666,5.8462356,7.2140322,8.171615680000002,8.392626999999997,7.708853399999999,6.2873557600000005,4.57856788,3.0238146599999993,1.8143824199999994,0.9130398,0.21229713999999866,-0.3586763199999998,-0.8106187,-1.1195754199999994,-1.268001248,-1.2720788799999996,-1.1785289399999996,-1.0360180680000006,-0.86337376,-0.6402355800000006,-0.3311408200000008,0.07336220000000004,0.5346738999999996,0.986381380000001,1.3800534800000008,1.7100033000000003,1.9897025,2.209345599999999,2.3286110000000004,2.3125165800000005,2.1638399600000007,1.9166874599999986,1.607357799999999,1.2583648400000005,0.8838948000000002,0.49994756000000073,0.12647512000000027,-0.21642319999999948,-0.5117516599999998,-0.7461546000000006,-0.9089965600000003,-0.9913252400000001,-0.9851697000000001,-0.8829858799999997,-0.6772656799999996,-0.36069007999999947,0.07287847999999997,0.62572926,1.2914416600000003,2.0472141399999995,2.8444021,3.601020799999999,4.20410828,4.53161572,4.495960799999999,4.090834279999999,3.404804480000001,2.5808576399999996,1.7495430600000006,0.9874549600000009,0.32034939999999956,-0.25127191999999976,-0.7312671599999998,-1.1211501200000002,-1.4229798000000002,-1.6433957499999998,-1.7936711399999998,-1.8859523879999998,-1.9291640120000002,-1.9279384720000001,-1.8848167480000004,-1.8036065400000005,-1.6911897800000002,-1.5567701400000002,-1.4099970800000001,-1.2597785879999996,-1.1146094599999996,-0.9833063920000003,-0.8748043999999995,-0.7967352400000003,-0.7538883200000006,-0.7476208399999997,-0.7762142599999997,-0.8356201800000003,-0.9200107600000003,-1.02216036,-1.1338045599999997,-1.2460368800000001,-1.34976785,-1.43606663,-1.4964338999999995,-1.5230222599999994,-1.5088000800000003,-1.4476860600000006,0.0,0.0,0.0,0.0,0.0,4.0,5.0
1.0,0.0,0.0,0.0,0.0,1.0,6.0,2.0,1.3863105200000003,0.9044871199999989,3.143638599999999,4.884072439999999,5.403624840000001,5.115313799999999,5.220199839999999,5.5052333,5.40353494,4.8614681,4.16180076,3.542841580000001,3.0740356999999996,2.706235660000001,2.34718434,1.9220008400000008,1.4080489199999988,0.83545436,0.2621928000000011,-0.25339646000000027,-0.6672038400000009,-0.9508412399999999,-1.086646848,-1.0624436799999994,-0.8692766519999999,-0.5038781600000002,0.023440439999999896,0.6759276799999991,1.3771546400000005,2.009672479999999,2.44056318,2.569202540000001,2.366675240000001,1.8803603200000012,1.20865884,0.4654184199999989,-0.2510457199999996,-0.8764208599999996,-1.3838442999999998,-1.7763616200000003,-2.0749108200000004,-2.3068522399999996,-2.4968199880000004,-2.66061106,-2.8023184,-2.9146452599999995,-2.9810140800000005,-2.9767826900000003,-2.8653632399999998,-2.58180211,-1.9870680800000002,-0.7574283500000005,1.843003679999999,7.372186599999999,17.2862948,26.494766300000002,29.307403799999996,40.16174072,23.9045472,12.457068059999997,16.8315284,17.54126976,17.37425354,5.868360859999999,5.163939259999999,8.009441299999999,3.9657248000000003,-1.28668328,-3.600247832,-4.98693886,-5.732537328,-4.88733198,-1.70633706,2.7963989799999993,5.63744546,7.1586700400000005,7.9450178000000005,8.316778079999999,8.470771560000003,8.51233088,8.496470200000001,8.41228494,8.12376626,7.303704840000002,5.444535719999999,2.1904457199999996,-1.63848344,-4.03354298,-4.52420848,-3.87584736,-2.3850478400000004,-0.9690201800000002,-1.3482032999999998,-2.150323,-2.0486385600000006,-1.5751602,-1.463259988,-1.7381576,-2.0779511800000003,-2.3374820400000003,-2.5387542200000004,-2.7161681,-2.87428422,-3.0040192,-3.0953446079999996,-3.1389900720000004,-3.1251029,-3.042174848,-2.8758328200000003,-2.6062850699999993,-2.20437436,-1.6299373719999997,-0.8438585000000005,0.149516199999999,1.2372226800000004,2.19193922,2.8150552599999994,3.1320710799999993,3.436788,4.072957519999999,4.90200604,5.0151350400000005,3.67803378,1.4809305599999991,-0.40751405999999957,-1.6130324600000003,-2.1817686279999995,-2.14153368,-1.67623796,-1.1700676100000003,-0.9625363599999996,-1.0167051119999995,-0.8967086799999997,-0.2052233999999995,0.9470643400000007,1.9476554000000004,2.2646949999999997,2.021469679999999,1.7956588599999996,1.86954158,2.0074214999999995,1.88734526,1.4587519400000009,0.8900758599999996,0.34003054000000077,-0.14674896000000004,-0.5911844000000004,-1.0107053600000002,-1.3987456599999994,-1.7367435599999999,-2.00814586,-2.2031697,-2.3173185720000005,-2.3486917,-2.2962133,-2.1589519500000005,-1.9361869999999994,-1.6277835999999999,-1.2346888900000001,-0.7591431200000001,-0.20438240000000008,0.4262289800000012,1.1298983200000006,1.9037853600000005,2.7418517199999997,3.6291322400000006,4.535010459999999,5.4089956400000005,6.18268954,6.780313999999999,7.136579000000001,7.217080679999999,7.033470659999999,6.646116499999998,6.1501324,5.647988120000001,5.22103794,4.91446676,4.73964142,4.686195,4.73438314,4.862648980000001,5.0492494799999985,5.2699041,5.494751539999999,5.68832132,5.813621619999999,5.83873852,5.74242836,5.5162736,5.1637356799999985,4.698313520000001,4.142717599999999,3.5292922000000004,2.899866920000001,2.3030631600000007,1.7889192600000001,1.4030533799999994,1.1834793000000001,1.1616185199999993,1.3672122800000004,1.83590448,2.618636519999999,3.79196666,5.463669339999999,7.755153060000001,10.72090708,14.165477199999998,17.419317799999998,19.3486878,18.86178186,15.792528,11.486516939999998,7.753804559999999,5.1728556,3.3431064,1.8993848999999994,0.7782692600000001,0.044278099999999654,-0.2986614000000003,-0.3703958000000007,-0.35100001999999986,-0.3591188600000006,-0.3729814400000002,-0.27085620000000077,0.03286950000000033,0.4830394000000009,0.9195166599999993,1.2188848199999995,1.3871886399999998,1.50587172,1.6105570799999995,1.654164380000001,1.5746313,1.3612400200000003,1.0515298800000004,0.6896162599999993,0.30173139999999954,-0.09817048000000028,-0.4945633599999999,-0.8655551399999997,-1.18682758,-1.4368290400000001,-1.5989723899999992,-1.6608523000000002,-1.61235647,-1.4435512399999997,-1.14328582,-0.6982465999999992,-0.09284839999999939,0.6898685600000007,1.6651182599999999,2.838297019999999,4.188188440000001,5.6392086599999995,7.0292239,8.0965283,8.530835199999999,8.1206128,6.929484199999999,5.317913599999999,3.726754360000001,2.41857248,1.4226428799999997,0.6564559200000009,0.04299340000000029,-0.4464233599999998,-0.8018620919999995,-1.0069405800000002,-1.0673928200000002,-1.0172756000000005,-0.9009502200000004,-0.7458680800000002,-0.5478160599999997,-0.2823993600000003,0.06398186000000017,0.46964140000000043,0.8831703799999993,1.255223560000001,1.5650862399999994,1.814966479999999,2.001551320000001,2.1018101199999997,2.089708419999999,1.9608944800000003,1.7363909800000012,1.4461960999999999,1.114769599999999,0.7598049600000003,0.39776374000000025,0.0467518000000009,-0.2748558800000005,-0.5506748800000008,-0.7672410799999998,-0.9137136999999997,-0.9810783799999996,-0.9614042000000005,-0.8472257480000005,-0.6311811999999994,-0.3061526799999994,0.13369379999999964,0.6903592399999994,1.3573111000000004,2.11220198,2.9079440000000005,3.66554174,4.27617444,4.6214374199999995,4.6139908,4.242450920000001,3.5867568600000013,2.7830357800000005,1.9605267599999987,1.1990064799999995,0.5282092200000008,-0.04902997999999936,-0.5359028600000002,-0.9338286799999995,-1.2444360800000007,-1.4734928700000003,-1.63151532,-1.7304708599999996,-1.7797894200000002,-1.7848069999999998,-1.7485494599999996,-1.6748758300000004,-1.5704842399999999,-1.444521,-1.3067738999999996,-1.1664083320000005,-1.0319629399999997,-0.9119731199999999,-0.8148710279999998,-0.7477867199999997,-0.7151622999999994,-0.718126680000001,-0.7547559999999995,-0.8207913200000005,-0.9102238399999996,-1.0156782800000004,-1.1287988699999998,-1.24063679,-1.3420964800000004,-1.4242488399999997,-1.4786748799999998,-1.4976165200000002,-1.4741445000000004,-1.4022668400000002,-1.2771347400000002,-1.0953238800000005,-0.855448408,-0.5590373199999998,-0.21190615999999984,0.174253199999999,0.0,0.0,4.0,5.0
1.0,0.0,0.0,0.0,0.0,1.0,6.0,2.0,7.0,1.3863105200000003,0.9044871199999989,3.143638599999999,4.8840689600000005,5.403623099999999,5.115312060000001,5.22020506,5.50525766,5.40357844,4.8615464,4.16189936,3.5429042199999987,3.0739075200000006,2.705723520000001,2.3461560000000006,1.9205334399999998,1.406499740000001,0.834396439999999,0.2623534599999999,-0.25116461999999906,-0.6619455599999995,-0.94146032,-1.0718901400000007,-1.0408491199999998,-0.8392434399999997,-0.46380073999999993,0.07492356000000022,0.7395345400000011,1.4525413,2.09528628,2.53379876,2.666630940000001,2.4637927600000005,1.97112568,1.2857327200000004,0.5216041800000006,-0.22093270000000054,-0.8741025999999996,-1.4070547400000004,-1.8190563480000002,-2.12810262,-2.3600359200000005,-2.5399382900000003,-2.6862261800000002,-2.8075471000000007,-2.90260794,-2.9622853000000005,-2.97242312,-2.91517248,-2.7670195999999994,-2.4910967799999995,-2.018439409999999,-1.20468346,0.2648358599999998,3.0630354200000003,8.437046299999999,16.8893138,24.283348099999998,27.601449800000005,40.8570598,27.06256252,13.399959560000003,19.5159018,20.58220454,19.6888346,6.35817202,6.1653191199999995,8.973934320000001,4.565356639999999,-0.9323908599999999,-3.39274071,-4.842424726,-5.56734312,-4.65983452,-1.6542576999999996,2.7699213999999994,5.633304260000001,7.125371659999999,7.878860680000001,8.24559352,8.427117280000001,8.516164680000003,8.537902499999998,8.41607234,7.898417700000001,6.519231639999999,3.7707821599999995,-0.10030487999999949,-3.250025968,-4.38118947,-4.0691923899999995,-2.848597992,-1.2645130699999996,-1.2504135599999993,-2.15814662,-2.2762537600000003,-1.8206327880000002,-1.6015252599999998,-1.8121093400000001,-2.1559252200000003,-2.43775766,-2.65894298,-2.8572821,-3.0418670999999993,-3.2053743199999998,-3.3392373920000002,-3.43641036,-3.4898602600000004,-3.4915471900000004,-3.4317883400000007,-3.2981778000000004,-3.0732297299999995,-2.7309867520000006,-2.2352703800000002,-1.5473480400000001,-0.6554466599999991,0.37284984000000065,1.361549740000001,2.1031806599999996,2.523247399999999,2.7659043200000006,3.062157300000001,3.3876764999999995,3.2651427999999996,2.2577599399999997,0.6676116399999987,-0.7568927199999997,-1.6423413680000003,-1.9968567400000001,-1.9337550600000002,-1.6501768200000004,-1.38004472,-1.2407163079999997,-1.1265293300000003,-0.8074246400000007,-0.17947024000000056,0.5838503599999996,1.1631862599999998,1.39216504,1.3891989200000001,1.3636203400000007,1.3656787599999998,1.2913691600000003,1.0537199600000005,0.6718694199999984,0.22402299999999897,-0.22742869999999904,-0.6580862399999994,-1.06230912,-1.4334012400000002,-1.7591712899999994,-2.0262126280000006,-2.2239172280000004,-2.345460868,-2.3868212479999995,-2.34545414,-2.21938998,-2.0069307600000004,-1.7067932300000006,-1.3184742399999996,-0.8425587200000004,-0.2806553000000003,0.36506972000000104,1.0922163000000005,1.8971223199999994,2.7713476200000002,3.695561380000001,4.6326204,5.523673239999999,6.291438380000001,6.85313764,7.141737520000001,7.12902914,6.840989540000001,6.35613738,5.783954619999999,5.231030760000001,4.772526840000001,4.442884999999999,4.24454588,4.16310228,4.179507579999999,4.2755057,4.43286434,4.6293086,4.835367519999998,5.015290480000001,5.13225038,5.15508266,5.06330404,4.8485283,4.51348144,4.070653180000001,3.5421467399999997,2.9603412000000002,2.3673474599999995,1.8116372800000011,1.3422728599999996,1.0033226000000006,0.8313839200000004,0.8573893800000008,1.1121131999999996,1.6342912600000012,2.4809798999999995,3.7393728400000015,5.5340500200000005,8.00691076,11.220132799999998,14.932736000000002,18.340001100000002,20.1357449,19.173841,15.512372339999999,10.9016171,7.216735000000002,4.756381960000001,2.9635341000000004,1.5047587,0.3973849999999999,-0.25879626000000044,-0.489058,-0.4734246800000008,-0.4330723400000007,-0.47429467999999986,-0.51668688,-0.3847856000000007,0.005245840000000612,0.5415410999999999,1.0077943999999999,1.2821286,1.4263519799999997,1.567414359999999,1.7280975600000001,1.8151462800000004,1.7415263000000003,1.5092409399999998,1.1808275399999992,0.8111494599999993,0.4211191799999998,0.016032100000000327,-0.3920819999999994,-0.7800428400000001,-1.12101353,-1.391831712,-1.5753382599999997,-1.6591152000000005,-1.6331610699999999,-1.4877947999999996,-1.2121126799999997,-0.79305688,-0.21518896000000076,0.5385627999999993,1.4840555999999996,2.6285324800000005,3.954866039999999,5.3949289,6.797012199999999,7.90888554,8.419481000000001,8.097372199999999,6.9732742000000005,5.385940640000001,3.7827208799999994,2.4497730000000004,1.4334651000000012,0.6542206000000004,0.030726399999998932,-0.46999223999999984,-0.8391465800000004,-1.0584631399999997,-1.1307972600000005,-1.088757352,-0.9778199399999998,-0.8281652080000006,-0.6375733799999992,-0.3807633000000008,-0.04049121999999894,0.36524603999999883,0.7857762000000008,1.16934702,1.492907559999999,1.75917106,1.9669235799999996,2.09280272,2.106883380000001,2.0004887599999996,1.7930366800000002,1.5154063400000002,1.1929623000000014,0.8432188200000006,0.4820296200000005,0.12734627999999937,-0.20203977999999978,-0.48912702000000063,-0.7199107600000003,-0.8830995599999998,-0.9693449799999998,-0.9704875799999995,-0.8789618399999997,-0.6873982799999991,-0.38865941999999976,0.023288479999999723,0.5511429999999997,1.1899700800000002,1.9204539799999996,2.7002170000000003,3.4562510599999996,4.085126499999999,4.469780759999999,4.5168158599999995,4.20162472,3.5897664800000015,2.80991124,1.9935084599999993,1.2276590599999988,0.5484674599999995,-0.03817818000000006,-0.5349383199999993,-0.9433928799999993,-1.26487238,-1.5044492099999998,-1.6719442200000003,-1.77917404,-1.8358713600000005,-1.8477949999999996,-1.8180485400000004,-1.7501485199999998,-1.6502113879999998,-1.5268891199999999,-1.38974696,-1.24783082,-1.1096069599999998,-0.9835501079999993,-0.878197632,-0.8010788599999996,-0.7572917599999993,-0.7487112400000004,-0.7741227799999999,-0.8298886200000002,-0.9105126800000001,-1.0090546800000002,-1.1175132879999996,-1.22719384,-1.3291427599999999,-1.4145030999999992,-1.4748169519999994,-1.5022455,-1.48973258,-1.4311438799999996,-1.32144906,-1.1570120999999993,-0.9361173599999999,-0.6597728800000002,-0.33298000000000005,0.0,4.0,5.0
1.0,0.0,0.0,0.0,0.0,1.3863105200000003,0.9044871199999989,3.143638599999999,4.884072439999999,5.403624840000001,5.115317279999999,5.22021028,5.50525418,5.4035749599999985,4.8615406,4.161895879999999,3.5428990000000002,3.07389186,2.7056544999999996,2.3460173799999993,1.9203658200000007,1.4063993999999997,0.8345211399999997,0.2629340399999993,-0.24981843999999942,-0.6593616599999992,-0.93689862,-1.06417759,-1.0281480479999994,-0.8187239680000005,-0.43130740000000056,0.12515793999999936,0.8149351199999995,1.5614873399999993,2.245396080000001,2.72943044,2.9069574199999995,2.7418639000000002,2.2741275400000003,1.596642300000001,0.82265956,0.055961039999999684,-0.6294423600000005,-1.1959921600000003,-1.6373820200000004,-1.9672920520000003,-2.2077174800000003,-2.3795993200000005,-2.4966404199999994,-2.56274331,-2.5734118300000004,-2.52044217,-2.3982053720000005,-2.20876496,-1.9631677300000003,-1.6768463800000006,-1.3594564600000005,-1.0029356800000002,-0.5736713000000009,-0.0105266799999999,0.775873279999999,1.9112082000000008,3.5811720400000002,6.0815474,9.912830200000002,15.885452699999998,24.500700200000004,32.374983199999996,33.52582326,38.3779948,37.3618406,21.6166444,32.4366488,34.01241252,28.320098799999997,8.737673059999999,10.032252199999999,10.554280040000002,3.9930799199999996,-1.1098470799999998,-3.27259545,-4.677688486,-5.379904172,-4.451850232,-1.4811781599999998,2.88293904,5.69350884,7.1313903199999995,7.877745919999999,8.265740400000002,8.430477799999998,8.29313496,7.549125460000001,5.69769702,2.42602954,-1.3462623880000004,-3.66539784,-4.143600648,-3.48282486,-2.1703776599999998,-1.7976551599999997,-2.565180528,-2.8580894600000004,-2.53549752,-2.3109110799999995,-2.4672895199999996,-2.78724188,-3.0826469000000003,-3.34072718,-3.5867359200000006,-3.82283478,-4.04112793,-4.23607202,-4.40447618,-4.5432464,-4.648604154,-4.71599969,-4.739988316,-4.7136610139999995,-4.62745196,-4.467049248,-4.21020808,-3.823489832,-3.26214472,-2.48053904,-1.46399276,-0.28266383999999967,0.8760369600000004,1.77519298,2.28098488,2.4324182399999987,2.31784736,1.92124046,1.20005396,0.28381693999999946,-0.5642144000000009,-1.1652916000000006,-1.4820852799999997,-1.5468208199999998,-1.43263564,-1.2350244200000002,-1.0216087800000002,-0.7916358800000003,-0.4973653399999991,-0.1184635200000006,0.2867760999999991,0.6133288600000011,0.7901407000000003,0.8199805400000013,0.7455271000000003,0.5967037400000006,0.37805997999999974,0.08978547999999975,-0.2551851799999998,-0.6327889600000001,-1.0173515799999997,-1.3873185000000001,-1.7255199800000005,-2.0177755999999993,-2.25228758,-2.4197237199999995,-2.51319768,-2.5277832300000007,-2.4597654120000003,-2.3059602000000003,-2.06342624,-1.7294645600000003,-1.30188566,-0.7790835200000004,-0.1598273799999994,0.5571343999999989,1.3724908599999992,2.2833304000000005,3.276184259999999,4.3168660800000005,5.34103298,6.2520761,6.93320374,7.2764784800000015,7.2222566,6.79157296,6.08997422,5.273003040000001,4.488212000000001,3.8291150799999993,3.3270374999999994,2.9727485599999994,2.7433110000000003,2.6194595399999994,2.590565100000001,2.64958938,2.7838361799999998,2.96838058,3.1666646000000007,3.33739514,3.4431053600000006,3.4557528400000006,3.3582844200000004,3.1436246800000003,2.8138662599999993,2.380726320000001,1.86705918,1.3074949,0.7463657799999996,0.23223695999999983,-0.1891052000000002,-0.4796996999999994,-0.6102901800000007,-0.5567643000000002,-0.2936606399999997,0.21454057999999954,1.0254826599999998,2.2376333599999985,4.016576299999999,6.611853,10.293118799999998,15.050978279999999,20.011076799999998,23.215078,22.636756520000002,18.00158328,12.0119662,7.618294520000001,4.9374568,2.8254506,0.8679627799999992,-0.5812507399999998,-1.1933612799999995,-1.0757036399999995,-0.7049641600000003,-0.587057119999999,-0.8697070699999996,-1.2083270200000005,-1.0977767000000007,-0.3658410599999993,0.6207047199999991,1.2677092200000004,1.3538351599999991,1.27177966,1.5244328800000009,2.10426816,2.568650960000001,2.5877753000000006,2.236200180000001,1.7945614999999986,1.420108860000001,1.080061240000001,0.6941275000000005,0.24259112000000016,-0.23529001999999988,-0.6874121999999998,-1.0770208200000004,-1.3840101799999998,-1.5966596400000004,-1.7058684199999998,-1.7029386080000002,-1.5787155999999998,-1.3226678720000002,-0.9221126800000006,-0.3617665599999995,0.37579391999999956,1.307805779999999,2.4445263199999996,3.77375872,5.233246939999999,6.674798079999999,7.84134454,8.403170240000001,8.101146839999998,6.950998719999999,5.30769458,3.6531999200000005,2.2953248000000013,1.2768134799999995,0.5030917400000003,-0.11808651999999942,-0.6216378799999998,-0.9939990399999994,-1.21078332,-1.2725747799999994,-1.2151823880000006,-1.0901125800000004,-0.9313828200000005,-0.7344507800000004,-0.46633302000000043,-0.1026353199999992,0.3385474800000008,0.7984393399999998,1.21655844,1.56921584,1.8663266400000005,2.111296600000001,2.27486414,2.3156073999999993,2.219251999999999,2.0092780799999996,1.7235857400000008,1.3905335,1.0265748000000006,0.6462920000000008,0.26817840000000004,-0.08736043999999943,-0.40195534000000066,-0.6608534199999996,-0.8524198799999994,-0.9671169099999997,-0.9966473200000001,-0.9333414799999993,-0.7697199999999995,-0.4983379999999995,-0.11242397999999998,0.39226823999999993,1.0134986999999995,1.7361125800000003,2.5230403400000014,3.306407479999999,3.9847760599999997,4.4361367000000005,4.553412120000001,4.2933163400000005,3.707580140000001,2.9241683399999996,2.0853787200000014,1.2913001400000006,0.5858107599999993,-0.023380060000000036,-0.5398317799999992,-0.9659606800000002,-1.3029969399999999,-1.5553978600000002,-1.73281464,-1.84754444,-1.910145,-1.9268927319999998,-1.9008127999999997,-1.8348656400000003,-1.7346294599999998,-1.6085641400000004,-1.4663452400000008,-1.31720578,-1.1697115480000004,-1.03245362,-0.9144172399999997,-0.82391462,-0.7669974799999997,-0.7463935600000005,-0.7615303999999998,-0.8092307600000002,-0.8843372799999996,-0.9801535119999993,-1.08878844,-1.20156654,-1.3094308800000007,-1.4033610679999997,-1.4746769400000002,-1.5152560600000005,-1.5177330080000004,-1.4756414800000002,-1.38357112,0.0,0.0,0.0,0.0,0.0,4.0,5.0
1.0,0.0,0.0,0.0,0.0,1.0,6.0,2.0,7.0,1.3863105200000003,0.9044871199999989,3.143638599999999,4.884072439999999,5.403626579999999,5.115315540000001,5.22020506,5.5052506999999995,5.403568,4.861523780000001,4.16186804,3.5428815999999994,3.073945799999999,2.7058743199999995,2.346458179999999,1.920960319999999,1.40692546,0.8346232199999992,0.2621081200000006,-0.2522468999999994,-0.6643310999999992,-0.9458161199999999,-1.0791865400000002,-1.0525308999999998,-0.8574362999999998,-0.49152126000000074,0.03353360000000016,0.6791687199999998,1.3673161,1.980262999999999,2.3873261400000008,2.49271098,2.2732929199999994,1.781033579999999,1.115772999999999,0.3888769800000009,-0.3068411400000004,-0.9134355319999994,-1.409148192,-1.7996758799999997,-2.10601564,-2.35338448,-2.5628833800000006,-2.74647078,-2.9051900999999996,-3.02988314,-3.1023605200000004,-3.0930318000000003,-2.947300768,-2.5421489600000005,-1.5672142000000004,0.7440162000000008,6.1792339,17.49461456,29.303033499999998,33.076011799999996,39.4995582,22.2107761,12.947086860000002,15.49730684,15.55833096,16.1321702,7.676418060000001,3.4930219000000005,6.593157860000002,4.46023048,-1.35692244,-3.86029553,-5.162336659999999,-5.908246355999999,-5.39012673,-2.1681098599999995,2.4365733600000006,5.322148760000001,6.9109091199999995,7.750280480000001,8.13160728,8.258184159999999,8.253429319999999,8.1930026,8.09506786,7.872695280000002,7.2668354,5.81678436,3.0432104399999993,-0.7228038000000003,-3.6163420200000003,-4.541319176,-4.12993492,-2.8504354320000003,-0.8656328599999998,-0.3419108399999997,-1.4827853399999995,-1.9904924,-1.5985939399999998,-1.2490633199999994,-1.3830784100000004,-1.74625904,-2.0519004800000005,-2.2546006199999997,-2.40020875,-2.5125532999999995,-2.5875600600000004,-2.6122761800000003,-2.5734341599999997,-2.4579039600000003,-2.25108118,-1.934500012,-1.4824036999999999,-0.8606031000000005,-0.03978071999999955,0.9598243400000008,2.0055394,2.8622910400000006,3.354586919999999,3.55309192,3.78956082,4.4307456,5.3311753,5.48538106,4.0718497199999995,1.7503057599999998,-0.21172984000000117,-1.4761686999999997,-2.16620833,-2.2756436000000004,-1.8758145100000005,-1.2852037000000003,-0.9185087919999999,-0.9119093199999995,-0.9032924920000003,-0.35686266,0.8512361599999991,2.156829499999999,2.7582987800000005,2.5080189199999996,2.1151994199999997,2.1892567199999995,2.5460709799999997,2.6391354600000003,2.2476308199999995,1.58575396,0.9429486600000008,0.41612770000000054,-0.04439230000000016,-0.49398394000000057,-0.9379911080000003,-1.3508846399999994,-1.7063231399999994,-1.9891682599999996,-2.1934796400000005,-2.3175399,-2.3607585999999996,-2.32273235,-2.2031592599999996,-2.00221188,-1.7209722000000003,-1.3619748200000004,-0.9293882,-0.4286973999999999,0.13430222000000036,0.7547972400000003,1.4293929199999997,2.15477572,2.92406278,3.7216810999999996,4.51897114,5.2733522,5.93309408,6.44737312,6.778838479999999,6.914351999999999,6.870513279999999,6.692152840000002,6.443479,6.19329716,5.9993382,5.89797218,5.902338420000001,6.006909520000001,6.1940442000000004,6.43947526,6.715384160000001,6.991270439999999,7.234345540000001,7.411121999999999,7.491001919999999,7.45076152,7.27797372,6.971905399999999,6.54223676,6.00740716,5.39388142,4.736358620000001,4.077432799999999,3.465029939999999,2.9476797999999995,2.569575480000001,2.3679234000000005,2.3739524999999997,2.6171447599999986,3.131319399999999,3.96059934,5.1620154,6.796452500000001,8.89283988,11.369042,13.920195200000002,15.956733539999998,16.73342314,15.732826279999998,13.146182879999998,9.945784059999998,7.1320422400000005,5.02547006,3.46842352,2.2682353200000005,1.3442384800000013,0.6895576800000001,0.2974637599999994,0.11874719999999961,0.07154215999999991,0.0860120000000002,0.14202665999999908,0.2639768799999995,0.47437419999999975,0.7502807799999989,1.0266183000000009,1.2406354000000004,1.36820408,1.4179501000000005,1.4003876999999996,1.3115241599999994,1.142556240000001,0.8953463199999998,0.5855978999999998,0.23593968000000132,-0.13046488000000078,-0.4914481800000008,-0.8251523399999998,-1.1103366000000001,-1.32777396,-1.46133955,-1.4979274,-1.426267588,-1.2354425999999998,-0.9135756600000002,-0.4470300399999996,0.17958630000000042,0.9821966800000013,1.9734683000000004,3.1539075000000008,4.494564160000001,5.9106475,7.23391344,8.208359260000002,8.549244400000003,8.08427464,6.902114000000001,5.34902422,3.8240157200000002,2.5578235199999995,1.577017999999999,0.8128279799999998,0.2008177799999995,-0.28334128000000014,-0.6329809400000004,-0.8378624600000002,-0.9072420599999997,-0.87316416,-0.7741381500000006,-0.6328510199999995,-0.44617627999999954,-0.19684530000000056,0.12120814000000024,0.48544871999999906,0.8518700999999993,1.1802156400000001,1.4521590799999995,1.6651611800000001,1.8125878999999987,1.8761355999999996,1.8388068000000004,1.7007551999999997,1.4801098600000007,1.2013955000000003,0.8860866200000004,0.5516910999999993,0.2149071400000011,-0.10689773999999996,-0.39676260000000063,-0.6395941,-0.8227685400000002,-0.9358944080000002,-0.9702091799999994,-0.9179140600000002,-0.7716490800000004,-0.52429068,-0.1693480799999998,0.2976760399999989,0.8762735999999993,1.555843939999999,2.3083736399999992,3.0803548000000003,3.78811546,4.323996020000001,4.580595560000001,4.49109344,4.06600854,3.3961497200000004,2.6115065800000004,1.8250422400000001,1.1019788599999991,0.46526124000000024,-0.08287471999999951,-0.5441771399999995,-0.9193298400000005,-1.2103686200000006,-1.4237164,-1.5698294199999996,-1.6598187400000004,-1.7020742919999998,-1.70145723,-1.66129484,-1.5861813600000003,-1.48335084,-1.362012752,-1.2316813,-1.1012323400000001,-0.979002328,-0.8731902600000003,-0.7915117600000006,-0.7400390799999998,-0.7220846000000005,-0.7378315999999998,-0.7846961800000001,-0.8579893299999997,-0.9513682280000006,-1.0572892200000004,-1.1673555879999995,-1.2727064399999994,-1.364444808,-1.4339284599999997,-1.4730743999999998,-1.4744797399999996,-1.4316191319999998,-1.3389333919999995,-1.1920510599999998,-0.988182568,-0.7267640400000008,-0.4104819199999996,-0.046679240000000455,0.35102211999999966,0.7613263000000003,0.0,4.0,5.0
1.0,0.0,0.0,0.0,0.0,1.0,6.0,1.3863105200000003,0.9044871199999989,3.1436403399999993,4.884072439999999,5.403626579999999,5.115315540000001,5.2202068,5.50525418,5.4035767,4.8615464,4.1619098,3.542910599999999,3.0739005600000002,2.7056736400000005,2.346050439999999,1.9203983000000004,1.40636866,0.8343552600000006,0.262519339999999,-0.25063913999999876,-0.6608342800000004,-0.9394067719999999,-1.0683399600000003,-1.0349325399999998,-0.8296223999999999,-0.4484893200000011,0.09872327999999975,0.7755276000000002,1.50505566,2.168481119999999,2.6303096000000004,2.78635976,2.6031470400000014,2.1229290800000005,1.4400921799999988,0.6679764600000002,-0.09108345999999923,-0.7655231200000001,-1.3203429999999994,-1.7511890399999999,-2.0730525,-2.30915832,-2.4823347200000008,-2.6093669000000004,-2.6982501599999997,-2.7485089,-2.7539898999999997,-2.7066143400000007,-2.5991133700000004,-2.42531724,-2.1776564279999997,-1.8422652800000003,-1.3919890080000004,-0.7762710999999998,0.09713524000000007,1.4022964800000004,3.4920921600000003,7.110285279999999,13.459531940000002,22.084638280000004,28.3190374,31.978608300000005,41.5327076,27.047462799999998,19.94079356,28.511150800000003,27.953552719999998,13.6654244,8.344287480000002,11.022799399999997,7.104887800000002,0.7342884400000003,-2.4040927200000004,-4.069990991999999,-5.101628872,-4.778517368,-2.72193446,1.5316202400000005,5.0808142400000005,6.894944039999999,7.8102623399999995,8.275873,8.541060600000002,8.68996516,8.679384799999998,8.300900000000002,7.128332559999999,4.6312498600000005,0.8430859999999996,-2.627527048,-4.1572303,-4.09018027,-3.0689652800000005,-1.7865340080000003,-1.8958601799999997,-2.6274338999999998,-2.627527048,-2.21637398,-2.0732702319999996,-2.29039126,-2.600520392,-2.8663950600000003,-3.1001170800000004,-3.32509444,-3.54054762,-3.7384685600000003,-3.913175,-4.06057736,-4.176318332,-4.25522594,-4.29126598,-4.277211188,-4.20372948,-4.057376339999999,-3.8174123600000005,-3.45200714,-2.9172796200000004,-2.1672575499999995,-1.1867603000000004,-0.04723546000000045,1.063930280000001,1.9234595400000014,2.43645098,2.70454844,2.8612557400000007,2.805779899999999,2.2493076000000016,1.15358436,-0.08742076000000054,-1.0568020200000001,-1.61032038,-1.7601755600000004,-1.60609044,-1.3281387799999997,-1.0945031800000002,-0.9374794899999994,-0.7329474199999995,-0.3403570199999999,0.22323014000000008,0.7677631399999996,1.0990371000000003,1.1825733400000011,1.1246864399999996,1.0221360599999993,0.8781904999999988,0.6505909599999988,0.32541917999999903,-0.0682065199999995,-0.48696420000000096,-0.8981035799999999,-1.2826435800000002,-1.6280202400000006,-1.92280988,-2.1561638320000007,-2.3190937199999997,-2.4050781399999996,-2.4096723199999994,-2.3296085399999997,-2.1621254199999997,-1.9046810520000008,-1.55507973,-1.1116949599999995,-0.5736162000000009,0.05965158000000059,0.7885091600000003,1.6125951999999995,2.52746342,3.5177072799999998,4.547447400000001,5.552199379999999,6.438310040000001,7.095661739999999,7.425203240000002,7.3746632000000005,6.966605940000001,6.301018239999999,5.5240380600000005,4.775528919999999,4.14655836,3.670305859999999,3.3404233199999993,3.1354849599999994,3.0355909800000003,3.0277870799999995,3.1021262599999986,3.2436828,3.4266339400000003,3.61476448,3.7677951600000004,3.8494928,3.8333270399999986,3.7040949199999993,3.4569957799999997,3.0966237999999997,2.63727714,2.1043284799999995,1.5345329999999997,0.973550620000001,0.47021675999999957,0.06980332000000011,-0.19037539999999975,-0.2809661799999992,-0.17642466000000034,0.15205892,0.7460340199999997,1.673076439999999,3.0460698399999995,5.044440699999999,7.907329400000002,11.810634280000002,16.5003948,20.808774,22.79965706,20.95647912,15.84117608,10.382566400000002,6.664389400000001,4.2839563,2.312046200000001,0.5852006000000003,-0.5785299599999991,-0.9955754800000003,-0.8548761800000007,-0.59468006,-0.588638780000001,-0.8538010920000003,-1.0391329000000002,-0.7681850300000006,-0.018308540000000484,0.8174430400000006,1.2913622,1.35585762,1.3866823000000004,1.6929959599999993,2.1528588200000005,2.41579138,2.3101571399999994,1.9549935600000001,1.5518697800000005,1.1822990000000004,0.8123199000000003,0.3988959000000012,-0.05339447999999969,-0.5056947200000002,-0.9164967719999995,-1.2569973719999998,-1.5100393079999996,-1.6644752120000001,-1.71132216,-1.64182453,-1.4462737599999995,-1.113067472,-0.62811474,0.025136359999999414,0.8644143399999997,1.9043456400000007,3.14569876,4.55390686,6.026302399999999,7.359460240000001,8.25048176,8.385178060000001,7.626356520000002,6.1721231,4.47707136,2.9583054000000004,1.78087118,0.89887446,0.20938264000000117,-0.3514854800000009,-0.79094278,-1.08602474,-1.2227690200000003,-1.220253908,-1.12500306,-0.9825043100000004,-0.8079605599999997,-0.5801997799999992,-0.2670983800000002,0.13576962000000137,0.5875182800000012,1.0244543200000003,1.4029994399999985,1.7190275199999991,1.9829095400000014,2.1819986,2.278333120000001,2.2427895600000003,2.0818140399999994,1.8285355800000005,1.51655416,1.1672381400000003,0.7953317000000002,0.41742573999999877,0.05321821999999976,-0.2779275600000002,-0.5596927199999993,-0.77914906,-0.9259345899999998,-0.9912747800000004,-0.9673036119999994,-0.8465137399999998,-0.6214499600000005,-0.2849385999999994,0.16864634000000045,0.7404990799999993,1.4220449000000013,2.1870388,2.9822019799999993,3.7207995,4.287458339999999,4.563427560000001,4.47173884,4.020697200000001,3.30954006,2.4819253000000003,1.6608523599999998,0.9141510799999999,0.2624949799999996,-0.29486703999999886,-0.7613728719999999,-1.1382815800000001,-1.4280774200000002,-1.6380649699999994,-1.779811692,-1.8651184399999998,-1.9023147099999997,-1.8956322399999994,-1.8476824799999996,-1.7627113200000002,-1.6480213079999997,-1.5129952199999996,-1.3672122200000008,-1.2194949199999998,-1.0783342880000006,-0.95253136,-0.8508074800000003,-0.7803020999999992,-0.7452126800000007,-0.7463123599999992,-0.7814464399999999,-0.84622142,-0.9345478799999993,-1.039004952,-1.15118513,-1.26215015,-1.3628233600000002,-1.4443464200000005,-1.4983353719999997,-1.5171022,-1.4937806899999995,-1.4224978199999994,-1.2985616799999997,-1.1188252480000003,0.0,0.0,0.0,4.0,5.0
1.0,0.0,0.0,0.0,0.0,1.0,6.0,2.0,1.3863105200000003,0.9044871199999989,3.143638599999999,4.8840689600000005,5.403624840000001,5.115313799999999,5.22020854,5.50525766,5.40357844,4.8615464,4.16190284,3.5429094400000007,3.0739231799999995,2.7057443999999986,2.346202400000001,1.9205850600000005,1.4065154,0.8343082800000001,0.26206114000000014,-0.25180957999999976,-0.6631728400000005,-0.9436036520000002,-1.07549078,-1.0467746900000003,-0.8487954599999998,-0.4788819000000002,0.05169165999999947,0.7048499600000007,1.4028324000000012,2.0277075799999995,2.4474564799999996,2.563565520000001,2.3491232800000006,1.8524878400000002,1.1718010000000003,0.4199406200000002,-0.3057310200000005,-0.9411697400000003,-1.4589229799999996,-1.8608142600000006,-2.1664452599999997,-2.4022361400000003,-2.5928804000000003,-2.7555112400000006,-2.8968792800000003,-3.0134482600000005,-3.0935451,-3.1195836200000002,-3.0677432200000005,-2.90130294,-2.5497736399999997,-1.8546503679999997,-0.4452013000000008,2.4967976600000004,8.571683440000001,18.53446292,26.677196600000002,29.790827999999998,39.849153199999996,23.5467365,13.141753999999999,16.93824608,17.557062000000002,17.85799036,7.178441079999999,4.639967259999999,7.937454600000001,5.321365760000001,-0.7620695099999999,-3.5204743999999994,-4.95721502,-5.730552974,-4.96701238,-1.9401072199999998,2.5704657799999993,5.493298060000001,7.0304819200000015,7.80612056,8.1626802,8.30731248,8.34840316,8.341472159999999,8.273464259999997,8.0009124,7.183112400000001,5.298450539999999,2.0068705,-1.7811791000000001,-4.0493160800000005,-4.439166212,-3.7152128799999993,-2.11883596,-0.6687008199999998,-1.1694626699999997,-2.073125,-1.9979941200000004,-1.52831853,-1.4274153499999995,-1.7181029399999996,-2.06885562,-2.3315770600000008,-2.5306887400000004,-2.70361371,-2.8563694699999997,-2.980091068,-3.0647046000000007,-3.1012492399999996,-3.0804979999999995,-2.9917864199999995,-2.82164516,-2.55148667,-2.1544647800000005,-1.5955274800000003,-0.8446003199999996,0.08527540000000045,1.0857568400000002,1.95484334,2.51848908,2.7902214,2.9934789199999994,3.3567619200000003,3.72477018,3.45874332,2.1732748199999996,0.4120880000000007,-0.9978658999999999,-1.79558282,-2.0687900799999994,-1.9608480200000002,-1.67707432,-1.4329604399999996,-1.3041464999999999,-1.1489138500000005,-0.7409659199999998,-0.021079199999999076,0.7853632400000006,1.3449176600000001,1.5355369800000016,1.5378807600000002,1.570198940000001,1.6326614599999996,1.5751770799999996,1.3117625400000001,0.89297644,0.42029325999999934,-0.04353158000000068,-0.48457749999999944,-0.9043089999999996,-1.2966966319999997,-1.6472571,-1.9405706399999998,-2.1651729719999997,-2.3141691719999997,-2.38373762,-2.37159648,-2.27606004,-2.0957136799999994,-1.8295122399999997,-1.4772039999999995,-1.0396688200000002,-0.5190184799999997,0.08187543999999924,0.7599952000000005,1.5121189000000008,2.332758,3.209540519999999,4.11681886,5.0103506200000005,5.826820680000001,6.491333059999999,6.933131239999998,7.1059155600000015,7.005703740000001,6.678001999999999,6.20886146,5.70056628,5.242193439999999,4.8899460999999995,4.6648046,4.562614979999999,4.5668136,4.657406119999999,4.814136040000001,5.0149482800000005,5.232876899999999,5.4348978599999995,5.5847078,5.6486481600000005,5.60172036,5.4308599,5.13498508,4.723386340000001,4.21467994,3.6370660600000004,3.0285439800000002,2.4351941200000002,1.9066447600000007,1.490202440000001,1.2265959200000012,1.149563800000001,1.2895630400000009,1.6804673799999996,2.3684175599999993,3.42194986,4.939898599999999,7.0433875,9.818417799999999,13.163933199999999,16.5621474,18.985793400000002,19.25523588,16.84986452,12.70183908,8.688969879999998,5.80755598,3.8168214000000003,2.2800858799999997,1.0586546000000006,0.2059235200000007,-0.24196697999999994,-0.37103669999999944,-0.3576358000000006,-0.3525538399999997,-0.3771904999999993,-0.32511345999999985,-0.08173734000000099,0.3437193399999998,0.8071996600000002,1.1558347599999994,1.3558628399999986,1.4825644199999992,1.5978800200000016,1.6742898000000004,1.6413782799999996,1.4682969999999997,1.1830715600000001,0.8337619200000006,0.4530197600000001,0.056258579999999725,-0.34336664000000017,-0.7260952999999999,-1.0676259799999999,-1.3449158599999995,-1.5396024300000004,-1.6380304600000004,-1.6294743,-1.5040725000000004,-1.2511188400000002,-0.8579875899999996,-0.3097220000000007,0.4104442800000001,1.3188095400000002,2.4250371600000005,3.718476599999999,5.143954200000001,6.569779800000001,7.7652062,8.425971200000003,8.291073059999999,7.324733900000002,5.80565996,4.177870819999999,2.7752469600000005,1.6915007200000005,0.8646457600000002,0.20901608000000138,-0.31932969999999994,-0.7193365599999995,-0.9730596479999996,-1.07769652,-1.05961792,-0.9627368079999998,-0.8219649499999999,-0.64270754,-0.40401897999999914,-0.0855676600000006,0.3029604199999998,0.7171813399999998,1.1039960999999998,1.4333253199999998,1.70309782,1.914437060000001,2.04955966,2.0799075800000004,1.9923038000000002,1.80071124,1.5340863999999996,1.2190332999999995,0.8745260599999991,0.5166086400000012,0.16277790000000003,-0.16841660000000047,-0.4597575599999999,-0.69679834,-0.8678644679999996,-0.9633625700000001,-0.9750196999999998,-0.8952323480000004,-0.7166157800000006,-0.43198310000000095,-0.03501138000000026,0.47775153999999986,1.1030054600000003,1.8243195599999993,2.603691660000001,3.3734386599999997,4.03451512,4.47002436,4.579359,4.32375764,3.75410484,2.9923003599999998,2.17365646,1.3945128800000006,0.6986874600000004,0.09548398000000091,-0.41734622000000066,-0.8417014799999993,-1.1786360079999998,-1.4323088100000003,-1.6117929999999996,-1.7288683200000001,-1.7939269199999996,-1.8134833600000002,-1.7909695,-1.7296739399999996,-1.6352560879999993,-1.5160909120000001,-1.3817940000000002,-1.2416358399999998,-1.10419672,-0.9779098399999997,-0.8712817700000004,-0.7920268000000004,-0.74560534,-0.7343231799999996,-0.7573196000000006,-0.8111824600000004,-0.8905757599999999,-0.9886856599999998,-1.0975746279999994,-1.2085706199999997,-1.3126803880000004,-1.40098272,-1.4649227899999993,-1.49655338,-1.4886938,-1.4350571399999996,-1.330434188,-1.1709233999999995,-0.954446752,-0.6815194,-0.3564033000000002,0.011335839999999209,0.0,0.0,4.0,5.0
